
File: 1.pth
tensor([[0.2439, 0.7017, 0.1840,  ..., 0.9590, 0.5779, 0.1513],
        [0.2308, 0.7945, 0.2004,  ..., 0.0829, 0.4761, 0.8868],
        [0.1263, 0.2958, 0.3043,  ..., 0.0532, 0.2906, 0.8558],
        ...,
        [0.4923, 0.2756, 0.3090,  ..., 0.7963, 0.6008, 0.8164],
        [0.5304, 0.4900, 0.8351,  ..., 0.9375, 0.9777, 0.2864],
        [0.0834, 0.3354, 0.5258,  ..., 0.5317, 0.2157, 0.7824]])

File:  30.pth
tensor([[0.2439, 0.7017, 0.1840,  ..., 0.9590, 0.5779, 0.1513],
        [0.2308, 0.7945, 0.2004,  ..., 0.0829, 0.4761, 0.8868],
        [0.1263, 0.2958, 0.3043,  ..., 0.0532, 0.2906, 0.8558],
        ...,
        [0.4923, 0.2756, 0.3090,  ..., 0.7963, 0.6008, 0.8164],
        [0.5304, 0.4900, 0.8351,  ..., 0.9375, 0.9777, 0.2864],
        [0.0834, 0.3354, 0.5258,  ..., 0.5317, 0.2157, 0.7824]])


File: 2.pth
tensor([[0.2439, 0.7017, 0.1840,  ..., 0.9590, 0.5779, 0.1513],
        [0.2308, 0.7945, 0.2004,  ..., 0.0829, 0.4761, 0.8868],
        [0.1263, 0.2958, 0.3043,  ..., 0.0532, 0.2906, 0.8558],
        ...,
        [0.4923, 0.2756, 0.3090,  ..., 0.7963, 0.6008, 0.8164],
        [0.5304, 0.4900, 0.8351,  ..., 0.9375, 0.9777, 0.2864],
        [0.0834, 0.3354, 0.5258,  ..., 0.5317, 0.2157, 0.7824]])


File: 3.pth
tensor([[0.2439, 0.7017, 0.1840,  ..., 0.9590, 0.5779, 0.1513],
        [0.2308, 0.7945, 0.2004,  ..., 0.0829, 0.4761, 0.8868],
        [0.1263, 0.2958, 0.3043,  ..., 0.0532, 0.2906, 0.8558],
        ...,
        [0.4923, 0.2756, 0.3090,  ..., 0.7963, 0.6008, 0.8164],
        [0.5304, 0.4900, 0.8351,  ..., 0.9375, 0.9777, 0.2864],
        [0.0834, 0.3354, 0.5258,  ..., 0.5317, 0.2157, 0.7824]])


File: 4.pth
tensor([[0.2439, 0.7017, 0.1840,  ..., 0.9590, 0.5779, 0.1513],
        [0.2308, 0.7945, 0.2004,  ..., 0.0829, 0.4761, 0.8868],
        [0.1263, 0.2958, 0.3043,  ..., 0.0532, 0.2906, 0.8558],
        ...,
        [0.4923, 0.2756, 0.3090,  ..., 0.7963, 0.6008, 0.8164],
        [0.5304, 0.4900, 0.8351,  ..., 0.9375, 0.9777, 0.2864],
        [0.0834, 0.3354, 0.5258,  ..., 0.5317, 0.2157, 0.7824]])


File: 5.pth
tensor([[0.2439, 0.7017, 0.1840,  ..., 0.9590, 0.5779, 0.1513],
        [0.2308, 0.7945, 0.2004,  ..., 0.0829, 0.4761, 0.8868],
        [0.1263, 0.2958, 0.3043,  ..., 0.0532, 0.2906, 0.8558],
        ...,
        [0.4923, 0.2756, 0.3090,  ..., 0.7963, 0.6008, 0.8164],
        [0.5304, 0.4900, 0.8351,  ..., 0.9375, 0.9777, 0.2864],
        [0.0834, 0.3354, 0.5258,  ..., 0.5317, 0.2157, 0.7824]])


File: 6.pth
tensor([[0.2439, 0.7017, 0.1840,  ..., 0.9590, 0.5779, 0.1513],
        [0.2308, 0.7945, 0.2004,  ..., 0.0829, 0.4761, 0.8868],
        [0.1263, 0.2958, 0.3043,  ..., 0.0532, 0.2906, 0.8558],
        ...,
        [0.4923, 0.2756, 0.3090,  ..., 0.7963, 0.6008, 0.8164],
        [0.5304, 0.4900, 0.8351,  ..., 0.9375, 0.9777, 0.2864],
        [0.0834, 0.3354, 0.5258,  ..., 0.5317, 0.2157, 0.7824]])


File: 7.pth
tensor([[0.2439, 0.7017, 0.1840,  ..., 0.9590, 0.5779, 0.1513],
        [0.2308, 0.7945, 0.2004,  ..., 0.0829, 0.4761, 0.8868],
        [0.1263, 0.2958, 0.3043,  ..., 0.0532, 0.2906, 0.8558],
        ...,
        [0.4923, 0.2756, 0.3090,  ..., 0.7963, 0.6008, 0.8164],
        [0.5304, 0.4900, 0.8351,  ..., 0.9375, 0.9777, 0.2864],
        [0.0834, 0.3354, 0.5258,  ..., 0.5317, 0.2157, 0.7824]])


File:  8.pth
tensor([[0.2439, 0.7017, 0.1840,  ..., 0.9590, 0.5779, 0.1513],
        [0.2308, 0.7945, 0.2004,  ..., 0.0829, 0.4761, 0.8868],
        [0.1263, 0.2958, 0.3043,  ..., 0.0532, 0.2906, 0.8558],
        ...,
        [0.4923, 0.2756, 0.3090,  ..., 0.7963, 0.6008, 0.8164],
        [0.5304, 0.4900, 0.8351,  ..., 0.9375, 0.9777, 0.2864],
        [0.0834, 0.3354, 0.5258,  ..., 0.5317, 0.2157, 0.7824]])


File:  9.pth
tensor([[0.2439, 0.7017, 0.1840,  ..., 0.9590, 0.5779, 0.1513],
        [0.2308, 0.7945, 0.2004,  ..., 0.0829, 0.4761, 0.8868],
        [0.1263, 0.2958, 0.3043,  ..., 0.0532, 0.2906, 0.8558],
        ...,
        [0.4923, 0.2756, 0.3090,  ..., 0.7963, 0.6008, 0.8164],
        [0.5304, 0.4900, 0.8351,  ..., 0.9375, 0.9777, 0.2864],
        [0.0834, 0.3354, 0.5258,  ..., 0.5317, 0.2157, 0.7824]])


File:  10.pth
tensor([[0.2439, 0.7017, 0.1840,  ..., 0.9590, 0.5779, 0.1513],
        [0.2308, 0.7945, 0.2004,  ..., 0.0829, 0.4761, 0.8868],
        [0.1263, 0.2958, 0.3043,  ..., 0.0532, 0.2906, 0.8558],
        ...,
        [0.4923, 0.2756, 0.3090,  ..., 0.7963, 0.6008, 0.8164],
        [0.5304, 0.4900, 0.8351,  ..., 0.9375, 0.9777, 0.2864],
        [0.0834, 0.3354, 0.5258,  ..., 0.5317, 0.2157, 0.7824]])


File: 11.pth
tensor([[0.2439, 0.7017, 0.1840,  ..., 0.9590, 0.5779, 0.1513],
        [0.2308, 0.7945, 0.2004,  ..., 0.0829, 0.4761, 0.8868],
        [0.1263, 0.2958, 0.3043,  ..., 0.0532, 0.2906, 0.8558],
        ...,
        [0.4923, 0.2756, 0.3090,  ..., 0.7963, 0.6008, 0.8164],
        [0.5304, 0.4900, 0.8351,  ..., 0.9375, 0.9777, 0.2864],
        [0.0834, 0.3354, 0.5258,  ..., 0.5317, 0.2157, 0.7824]])


File: 12.pth
tensor([[0.2439, 0.7017, 0.1840,  ..., 0.9590, 0.5779, 0.1513],
        [0.2308, 0.7945, 0.2004,  ..., 0.0829, 0.4761, 0.8868],
        [0.1263, 0.2958, 0.3043,  ..., 0.0532, 0.2906, 0.8558],
        ...,
        [0.4923, 0.2756, 0.3090,  ..., 0.7963, 0.6008, 0.8164],
        [0.5304, 0.4900, 0.8351,  ..., 0.9375, 0.9777, 0.2864],
        [0.0834, 0.3354, 0.5258,  ..., 0.5317, 0.2157, 0.7824]])


File:  13.pth
tensor([[0.2439, 0.7017, 0.1840,  ..., 0.9590, 0.5779, 0.1513],
        [0.2308, 0.7945, 0.2004,  ..., 0.0829, 0.4761, 0.8868],
        [0.1263, 0.2958, 0.3043,  ..., 0.0532, 0.2906, 0.8558],
        ...,
        [0.4923, 0.2756, 0.3090,  ..., 0.7963, 0.6008, 0.8164],
        [0.5304, 0.4900, 0.8351,  ..., 0.9375, 0.9777, 0.2864],
        [0.0834, 0.3354, 0.5258,  ..., 0.5317, 0.2157, 0.7824]])


File:  14.pth
tensor([[0.2439, 0.7017, 0.1840,  ..., 0.9590, 0.5779, 0.1513],
        [0.2308, 0.7945, 0.2004,  ..., 0.0829, 0.4761, 0.8868],
        [0.1263, 0.2958, 0.3043,  ..., 0.0532, 0.2906, 0.8558],
        ...,
        [0.4923, 0.2756, 0.3090,  ..., 0.7963, 0.6008, 0.8164],
        [0.5304, 0.4900, 0.8351,  ..., 0.9375, 0.9777, 0.2864],
        [0.0834, 0.3354, 0.5258,  ..., 0.5317, 0.2157, 0.7824]])


File:  15.pth
tensor([[0.2439, 0.7017, 0.1840,  ..., 0.9590, 0.5779, 0.1513],
        [0.2308, 0.7945, 0.2004,  ..., 0.0829, 0.4761, 0.8868],
        [0.1263, 0.2958, 0.3043,  ..., 0.0532, 0.2906, 0.8558],
        ...,
        [0.4923, 0.2756, 0.3090,  ..., 0.7963, 0.6008, 0.8164],
        [0.5304, 0.4900, 0.8351,  ..., 0.9375, 0.9777, 0.2864],
        [0.0834, 0.3354, 0.5258,  ..., 0.5317, 0.2157, 0.7824]])




